<?xml version="1.0"?>
<opencv_storage>
<calibration_time>"2018年07月15日 13時04分12秒"</calibration_time>
<nr_of_frames>10</nr_of_frames>
<image_width>1280</image_width>
<image_height>720</image_height>
<board_width>10</board_width>
<board_height>7</board_height>
<square_size>24.</square_size>
<fix_aspect_ratio>1.</fix_aspect_ratio>
<!-- flags: +fix_aspectRatio +fix_principal_point +zero_tangent_dist +fix_k4 +fix_k5 -->
<flags>6158</flags>
<fisheye_model>0</fisheye_model>
<camera_matrix type_id="opencv-matrix">
  <rows>3</rows>
  <cols>3</cols>
  <dt>d</dt>
  <data>
    9.6307042971804685e+02 0. 640. 0. 9.6307042971804685e+02 360. 0. 0.
    1.</data></camera_matrix>
<distortion_coefficients type_id="opencv-matrix">
  <rows>5</rows>
  <cols>1</cols>
  <dt>d</dt>
  <data>
    1.7550886991868486e-01 -4.0497976360860893e-01 0. 0.
    2.4117896842313766e-01</data></distortion_coefficients>
<avg_reprojection_error>2.3125909142583814e-01</avg_reprojection_error>
<per_view_reprojection_errors type_id="opencv-matrix">
  <rows>10</rows>
  <cols>1</cols>
  <dt>f</dt>
  <data>
    1.18070170e-01 1.59834519e-01 1.22927092e-01 3.04942638e-01
    1.44365549e-01 1.84751168e-01 2.64960498e-01 2.27357358e-01
    3.54501665e-01 2.90994316e-01</data></per_view_reprojection_errors>
<!-- a set of 6-tuples (rotation vector + translation vector) for each view -->
<extrinsic_parameters type_id="opencv-matrix">
  <rows>10</rows>
  <cols>6</cols>
  <dt>d</dt>
  <data>
    -1.7435253678334611e-01 -1.2773531951246211e-01
    3.1233119563848359e+00 4.1379719365341413e+02
    -1.0883079777109643e+02 8.3303420259178824e+02
    9.7547153570936684e-02 6.3618556001089635e-02
    -3.0653954526612663e+00 7.2002891467005085e+01
    1.8055328595215229e+02 6.8842913909546701e+02 5.2336872232785298e-02
    -1.1010446487275145e-01 -2.9840417558322465e+00
    1.5038940019549744e+02 4.2050523888392021e+01 6.6039617048683715e+02
    -4.5115506641714714e-01 -5.5450543881772396e-01
    2.8448855447396086e+00 5.8317070691881732e+01 1.9771933595053003e+01
    4.9171898851478238e+02 1.7001970363619809e-01 3.0838929927143283e-01
    -2.8115879528797891e+00 2.1396600802152884e+02
    8.1382616719181577e-01 7.4819935793263039e+02
    -1.9400849842255229e-02 3.4148320365841095e-01
    -3.1228602914997405e+00 2.5770187864293297e+02
    1.3304835455773679e+01 4.6330761843513545e+02
    -1.9360985249374598e-02 3.4070029609653291e-01
    -3.0446731861382217e+00 2.2164993734444735e+02
    6.2158085446106760e+01 4.8328806481613674e+02
    -2.1207519077069359e-02 -1.1016906382850773e-01
    3.1236221921765708e+00 2.6818114874128941e+02 1.0359044239906422e+02
    4.7431630060105016e+02 1.2276737407468059e-01 2.0497003753501122e-01
    -3.0249230634158026e+00 3.7755296747746925e+01
    8.0734495900959459e+01 5.6042904158861677e+02 2.1662344648298495e-01
    -1.1212374677847343e+00 -1.8952874960366437e+00
    -2.1281288507558463e+02 2.8521554277890861e+01
    7.5790990252188317e+02</data></extrinsic_parameters>
<image_points type_id="opencv-matrix">
  <rows>10</rows>
  <cols>70</cols>
  <dt>"2f"</dt>
  <data>
    1.12900977e+03 2.31528900e+02 1.10217285e+03 2.31472260e+02
    1.07514465e+03 2.31625473e+02 1.04765918e+03 2.31660461e+02
    1.02016748e+03 2.31840927e+02 9.92322693e+02 2.32040894e+02
    9.64271057e+02 2.32307831e+02 9.36124390e+02 2.32453186e+02
    9.07786072e+02 2.32701630e+02 8.79536255e+02 2.32926086e+02
    1.12997815e+03 2.02705139e+02 1.10328235e+03 2.02687180e+02
    1.07604736e+03 2.02655762e+02 1.04861365e+03 2.02708603e+02
    1.02103223e+03 2.02752777e+02 9.93284668e+02 2.02999741e+02
    9.65045166e+02 2.03108765e+02 9.36997681e+02 2.03305054e+02
    9.08572937e+02 2.03481491e+02 8.80246094e+02 2.03617508e+02
    1.13120618e+03 1.73879532e+02 1.10413745e+03 1.73778061e+02
    1.07714917e+03 1.73661423e+02 1.04960498e+03 1.73636856e+02
    1.02199384e+03 1.73544724e+02 9.94111328e+02 1.73600601e+02
    9.66018127e+02 1.73759888e+02 9.37695129e+02 1.73795944e+02
    9.09471069e+02 1.74011444e+02 8.80875183e+02 1.74116486e+02
    1.13202222e+03 1.45117020e+02 1.10528577e+03 1.44726425e+02
    1.07799988e+03 1.44558640e+02 1.05058105e+03 1.44439377e+02
    1.02292078e+03 1.44310883e+02 9.95026550e+02 1.44361450e+02
    9.66777710e+02 1.44254105e+02 9.38665100e+02 1.44364365e+02
    9.10250488e+02 1.44367050e+02 8.81620850e+02 1.44456497e+02
    1.13311694e+03 1.16054298e+02 1.10617883e+03 1.15537918e+02
    1.07910718e+03 1.15275330e+02 1.05151355e+03 1.15053925e+02
    1.02391595e+03 1.14761124e+02 9.95949585e+02 1.14605438e+02
    9.67718323e+02 1.14494041e+02 9.39508301e+02 1.14405769e+02
    9.11081787e+02 1.14441147e+02 8.82414856e+02 1.14385002e+02
    1.13398792e+03 8.67331238e+01 1.10724304e+03 8.62439117e+01
    1.07993506e+03 8.57143784e+01 1.05250781e+03 8.53755341e+01
    1.02477014e+03 8.50759201e+01 9.96908081e+02 8.48271103e+01
    9.68605957e+02 8.45082855e+01 9.40268127e+02 8.44403381e+01
    9.11857666e+02 8.42611160e+01 8.83149292e+02 8.41959152e+01
    1.13500195e+03 5.74674377e+01 1.10800256e+03 5.68173828e+01
    1.08080957e+03 5.62616043e+01 1.05336206e+03 5.57233543e+01
    1.02575854e+03 5.53438683e+01 9.97688721e+02 5.47780800e+01
    9.69469421e+02 5.45112953e+01 9.41090637e+02 5.42326889e+01
    9.12595581e+02 5.40495071e+01 8.83852661e+02 5.36334229e+01
    7.41637207e+02 6.15355042e+02 7.08031494e+02 6.13380066e+02
    6.74450745e+02 6.11403931e+02 6.40530762e+02 6.09491699e+02
    6.06585266e+02 6.07634644e+02 5.72374573e+02 6.05776611e+02
    5.37818420e+02 6.03984131e+02 5.03300690e+02 6.02212036e+02
    4.68373260e+02 6.00436279e+02 4.32983246e+02 5.98754395e+02
    7.44138611e+02 5.81366333e+02 7.10576599e+02 5.79364624e+02
    6.76861267e+02 5.77252747e+02 6.43129333e+02 5.75346497e+02
    6.09142334e+02 5.73352783e+02 5.74946899e+02 5.71441895e+02
    5.40486755e+02 5.69443420e+02 5.05871338e+02 5.67576599e+02
    4.70908936e+02 5.65719910e+02 4.35657898e+02 5.64021301e+02
    7.46726624e+02 5.47532715e+02 7.13120605e+02 5.45388794e+02
    6.79559326e+02 5.43316650e+02 6.45653442e+02 5.41231689e+02
    6.11742859e+02 5.39201416e+02 5.77545166e+02 5.37208313e+02
    5.43205872e+02 5.35103027e+02 5.08555542e+02 5.33136353e+02
    4.73647797e+02 5.31254517e+02 4.38336731e+02 5.29350586e+02
    7.49242981e+02 5.13667175e+02 7.15664429e+02 5.11565338e+02
    6.82024414e+02 5.09403351e+02 6.48230896e+02 5.07323395e+02
    6.14268433e+02 5.05056061e+02 5.80138428e+02 5.03018127e+02
    5.45655396e+02 5.00801758e+02 5.11182190e+02 4.98780731e+02
    4.76233826e+02 4.96738403e+02 4.40923126e+02 4.94680054e+02
    7.51859497e+02 4.79956543e+02 7.18273499e+02 4.77690430e+02
    6.84643066e+02 4.75498199e+02 6.50727051e+02 4.73292969e+02
    6.16778442e+02 4.71073456e+02 5.82558044e+02 4.68782288e+02
    5.48306519e+02 4.66584625e+02 5.13632568e+02 4.64445709e+02
    4.78726776e+02 4.62328918e+02 4.43391571e+02 4.60089111e+02
    7.54423889e+02 4.46109009e+02 7.20865784e+02 4.43840179e+02
    6.87167664e+02 4.41482025e+02 6.53363098e+02 4.39265686e+02
    6.19331909e+02 4.36866638e+02 5.85178467e+02 4.34645966e+02
    5.50663147e+02 4.32287292e+02 5.16159851e+02 4.29994080e+02
    4.81204346e+02 4.27696381e+02 4.45961212e+02 4.25372772e+02
    7.57254639e+02 4.12382050e+02 7.23457825e+02 4.09904449e+02
    6.89785645e+02 4.07597473e+02 6.55802979e+02 4.05239655e+02
    6.21856201e+02 4.02774353e+02 5.87574463e+02 4.00445648e+02
    5.53164734e+02 3.97958191e+02 5.18484558e+02 3.95579315e+02
    4.83620514e+02 3.93248566e+02 4.48309509e+02 3.90699463e+02
    8.61066162e+02 4.21886841e+02 8.26036133e+02 4.16346405e+02
    7.91290649e+02 4.10843109e+02 7.56359619e+02 4.05297424e+02
    7.21622742e+02 3.99828125e+02 6.86780579e+02 3.94372009e+02
    6.52023743e+02 3.88881409e+02 6.17159302e+02 3.83495697e+02
    5.82255371e+02 3.77987823e+02 5.47108154e+02 3.72546234e+02
    8.65711914e+02 3.86986450e+02 8.30907288e+02 3.81492493e+02
