<?xml version="1.0"?>
<opencv_storage>
<calibration_time>"2018年08月03日 22時24分10秒"</calibration_time>
<nr_of_frames>25</nr_of_frames>
<image_width>1920</image_width>
<image_height>1080</image_height>
<board_width>10</board_width>
<board_height>7</board_height>
<square_size>24.</square_size>
<fix_aspect_ratio>1.</fix_aspect_ratio>
<!-- flags: +fix_aspectRatio +fix_principal_point +zero_tangent_dist +fix_k4 +fix_k5 -->
<flags>6158</flags>
<fisheye_model>0</fisheye_model>
<camera_matrix type_id="opencv-matrix">
  <rows>3</rows>
  <cols>3</cols>
  <dt>d</dt>
  <data>
    1.4801246613896662e+03 0. 960. 0. 1.4801246613896662e+03 540. 0. 0.
    1.</data></camera_matrix>
<distortion_coefficients type_id="opencv-matrix">
  <rows>5</rows>
  <cols>1</cols>
  <dt>d</dt>
  <data>
    1.8213471565251374e-01 -4.6281938048985261e-01 0. 0.
    2.4009533585246062e-01</data></distortion_coefficients>
<avg_reprojection_error>2.7703351718486613e-01</avg_reprojection_error>
<per_view_reprojection_errors type_id="opencv-matrix">
  <rows>25</rows>
  <cols>1</cols>
  <dt>f</dt>
  <data>
    1.55220106e-01 2.16266096e-01 1.75010398e-01 2.25772485e-01
    1.84843898e-01 1.80565402e-01 3.33256006e-01 2.33531341e-01
    2.32824191e-01 3.76343727e-01 3.84413928e-01 1.80043682e-01
    2.05232739e-01 2.51760960e-01 1.78461507e-01 2.04681873e-01
    2.18635783e-01 2.63085514e-01 1.64073855e-01 3.55009675e-01
    4.53163445e-01 2.22482577e-01 1.78552046e-01 2.72708118e-01
    5.89493752e-01</data></per_view_reprojection_errors>
<!-- a set of 6-tuples (rotation vector + translation vector) for each view -->
<extrinsic_parameters type_id="opencv-matrix">
  <rows>25</rows>
  <cols>6</cols>
  <dt>d</dt>
  <data>
    4.7027779217382638e-02 -2.8782946960336375e-01
    3.1179006792332125e+00 -1.4692592894557202e+02
    2.5000033133853961e+02 1.0246971642418116e+03
    -3.8957354225272445e-01 1.9296557823579313e-01
    -3.0730060692838146e+00 1.8395611641086896e+02
    2.3992074621831543e+02 9.9329868672407713e+02 2.0465951494614956e-01
    4.6263363583638861e-02 3.1081829941133865e+00 2.8216531751222618e+02
    -3.4587896711269465e+01 9.5295787956828781e+02
    1.7482011968451494e-01 1.6415814000319041e-02 3.0808707152016184e+00
    2.6920883630622882e+02 -2.0703444077806164e+01
    8.2336406272583463e+02 2.9240152604530736e-02
    -8.9762664251333057e-02 1.8011719441632608e+00
    -8.3587290398441965e+01 -5.6774820170980831e+01
    9.3575168756307926e+02 3.2959927112310231e-03
    -2.3677912673664020e-01 1.8438519657058390e+00
    -2.3998642695671501e+02 8.0140670809880376e+01
    9.4194826020108871e+02 -1.1938923266053071e-01
    -6.2701890295482385e-02 1.5365288280238274e+00
    -3.3843519138488580e+02 -3.0866092902417137e+02
    9.5147814418450014e+02 1.2885754693434639e-02
    -2.0204557132803466e-01 1.5648618511099794e+00
    -2.5065019216314630e+02 -2.0175277587386785e+02
    8.9417169329587443e+02 4.7664701938037896e-01 1.0296988905132963e-01
    1.5718136371346385e+00 2.9938700981567558e+02
    -4.1408765108577562e+01 9.1569609222291888e+02
    3.9693091474369729e-01 -4.8869438661722642e-01
    1.9441832511975208e+00 2.6908430349854518e+02
    -8.3360660805275586e+00 9.6017682582158875e+02
    2.1317574103546951e-02 -8.3555710798925087e-01
    1.9620173901652769e+00 3.2716327496300458e+01 5.5632186366091737e+01
    9.5590354595081851e+02 4.2002413818187541e-02
    -3.1087061681920486e-01 1.2037356245831261e+00
    -9.7712030720062216e+01 -2.1502102266096202e+02
    9.5493489359550551e+02 -9.2097845624088723e-02
    -3.2009090405829843e-01 1.4293210373998571e+00
    1.6594212710137265e+02 -2.3081342642647252e+02
    1.0008843610257971e+03 3.9140424562862841e-01 6.7027815285608944e-02
    1.6742661099479912e+00 2.8023221191614419e+02
    -8.5065685769217851e+01 9.7146006546989565e+02
    3.2852790095921919e-01 1.8658613889180817e-02 2.7838738176544258e+00
    6.7963895091334976e+01 1.5505649448522863e+02 1.0277579621263878e+03
    -3.1749130519561782e-03 2.4542286935688229e-01
    1.3579944467808212e+00 1.8729993551038885e+02
    -1.5002372325104079e+02 1.0987658922920807e+03
    -2.6571908183123572e-01 3.3541151981791884e-01
    5.9340027065283918e-01 1.6892924494576499e+02
    -3.3760352959335341e+02 1.1193556569202219e+03
    7.0499099282607964e-03 2.5127246585552687e-01 1.8326148931754518e-01
    6.5801420148326457e+01 1.2935482175821366e+02 1.0411485356702435e+03
    -6.8646611327970786e-02 -1.2823262002254651e-01
    4.4647328698442446e-01 -1.1858698251869713e+01
    -1.0218125155947011e+02 6.6269136348205984e+02
    -1.9387513490413086e-01 -1.6963462055932943e-01
    2.8655426583007859e-01 -1.7255558604869853e+02
    -2.5061502303718601e+01 6.6014951788668338e+02
    -1.6225282886941508e-01 -3.2630500771169818e-01
    2.3928043751895167e-01 -2.6803406211239621e+02
    -6.5936790070585474e+01 6.6588266252857261e+02
    -1.5142217240718406e-02 -2.8243913605229820e-01
    1.8039542169248257e-01 -2.3109272262590790e+02
    -1.7557152703116114e+02 6.4166868054499639e+02
    -7.8243328667979214e-02 -4.0653341674696218e-02
    -1.1782975774351213e-01 -3.2517831118331500e+01
    -4.7990526698105818e+01 6.6337599971213274e+02
    -1.6026123335410397e-01 -1.6842499750948545e-01
    -3.7009803350573238e-02 -1.6514202609308990e+02
    3.0759094277068570e+01 6.7373090368327667e+02
    -6.3480668717039918e-02 -3.6165152493026070e-01
    -2.7291880944197062e-02 -3.0531123428955101e+02
    -1.0218193721406415e+02 6.2647080358385779e+02</data></extrinsic_parameters>
