<?xml version="1.0"?>
<opencv_storage>
<calibration_time>"2018年07月22日 12時47分49秒"</calibration_time>
<nr_of_frames>22</nr_of_frames>
<image_width>1920</image_width>
<image_height>1080</image_height>
<board_width>10</board_width>
<board_height>7</board_height>
<square_size>24.</square_size>
<fix_aspect_ratio>1.</fix_aspect_ratio>
<!-- flags: +fix_aspectRatio +fix_principal_point +zero_tangent_dist +fix_k4 +fix_k5 -->
<flags>6158</flags>
<fisheye_model>0</fisheye_model>
<camera_matrix type_id="opencv-matrix">
  <rows>3</rows>
  <cols>3</cols>
  <dt>d</dt>
  <data>
    1.4454559315004276e+03 0. 960. 0. 1.4454559315004276e+03 540. 0. 0.
    1.</data></camera_matrix>
<distortion_coefficients type_id="opencv-matrix">
  <rows>5</rows>
  <cols>1</cols>
  <dt>d</dt>
  <data>
    1.4331777320627165e-01 -1.9563788471814347e-01 0. 0.
    -3.8229954435961483e-01</data></distortion_coefficients>
<avg_reprojection_error>2.9523818455635742e-01</avg_reprojection_error>
<per_view_reprojection_errors type_id="opencv-matrix">
  <rows>22</rows>
  <cols>1</cols>
  <dt>f</dt>
  <data>
    1.81139931e-01 1.76434591e-01 1.89157680e-01 2.76218086e-01
    2.56290048e-01 2.49551699e-01 2.03082487e-01 1.71221450e-01
    2.00377971e-01 2.11569607e-01 2.60579377e-01 4.28349972e-01
    2.00858772e-01 1.57639951e-01 3.31045538e-01 4.28699732e-01
    2.75926203e-01 1.68426231e-01 3.01748246e-01 6.74346685e-01
    1.30125672e-01 4.25448865e-01</data></per_view_reprojection_errors>
<!-- a set of 6-tuples (rotation vector + translation vector) for each view -->
<extrinsic_parameters type_id="opencv-matrix">
  <rows>22</rows>
  <cols>6</cols>
  <dt>d</dt>
  <data>
    -1.3173569628458890e-02 -5.4634041263614541e-01
    1.3192237288945869e+00 -2.3928100251862524e+01
    -1.2934118628600010e+02 7.2142303862832023e+02
    1.1309248452634393e-01 -3.1666787229236532e-01
    1.1110083071689305e+00 1.7743294667538760e+02
    -1.4018922111090987e+02 6.4642712385650634e+02
    6.8546251573522260e-02 -5.0424275764231807e-01
    1.1519698538030860e+00 3.9860884486209606e+01
    -1.8677979436449104e+02 6.6466125327747807e+02
    -1.3906044266107098e-01 -6.3473720341393036e-01
    1.1825236876862752e+00 -1.2194107851419572e+02
    -1.2136707962617398e+02 6.8405183168560939e+02
    -1.5489135777527221e-01 -5.7414485870409915e-01
    1.1813088515088308e+00 -9.7031689282444447e+01
    -9.3784362473917952e+01 6.8563342464973505e+02
    -1.7572893385979002e-01 -4.1548224626266617e-01
    1.1977859100981216e+00 -1.3420211965614028e+01
    -1.5204634995468492e+01 6.8589188342326497e+02
    -6.9498088641014727e-02 -2.4662983672112443e-01
    1.4604664977292723e+00 1.3678579436286088e+02
    -4.8961446675269675e+00 6.3298113533357878e+02
    4.5297389952356638e-02 -2.4088978771714833e-01
    1.3360442692920584e+00 2.1485505264178377e+02
    -7.5014298050142301e+01 6.2816795360688752e+02
    2.9998490233610053e-01 -3.0541358696153476e-01
    1.3270276084154042e+00 2.6087265774910190e+02
    -1.5728048217406447e+02 6.1040120616612683e+02
    2.8003830830796300e-01 -4.3775963598273104e-01
    1.3496137867256686e+00 1.8873020634748951e+02
    -1.9759070056704365e+02 6.3273166232853623e+02
    -1.0347771135631001e-01 -5.3709624374744580e-01
    1.3970605503419664e+00 -9.4322804508625239e+01
    -1.2869127506051410e+02 6.8109294976892249e+02
    -1.4889966540704544e-01 -2.2238834858269685e-01
    1.1435098144266189e+00 -7.6200402030872468e+01
    -8.8475798639119716e+01 6.7631019708907081e+02
    -7.4767981324989824e-02 -5.5595126363810664e-02
    1.4118572890911063e+00 8.9557872434636934e+01
    -8.0416531235455810e+00 6.5284048786200390e+02
    -6.8405357677125245e-02 -1.2412094159455175e-01
    4.4662792231288895e-01 -1.1860049550066831e+01
    -1.0218431819355798e+02 6.4713029127744198e+02
    -1.9239018658069298e-01 -1.6888512151379970e-01
    2.8669522679042031e-01 -1.7254748686928849e+02
    -2.5063674938856607e+01 6.4418860272596271e+02
    -1.5906432600498341e-01 -3.2623786055689891e-01
    2.3980876361193798e-01 -2.6808161637544600e+02
    -6.5932014841460031e+01 6.4942289307329270e+02
    -1.0661375016087849e-02 -2.8000449548236056e-01
    1.8074255906984923e-01 -2.3118062679830277e+02
    -1.7559798852483900e+02 6.2566310013281850e+02
    -7.8046153408131161e-02 -3.6318892030529730e-02
    -1.1773637399287437e-01 -3.2513102154483917e+01
    -4.7985695344319943e+01 6.4792114379689599e+02
    -1.5992958579430350e-01 -1.6651907709927186e-01
    -3.6936888930354871e-02 -1.6516716827988478e+02
    3.0784838600468049e+01 6.5752973742720440e+02
    -5.7698213932442156e-02 -3.6428787075878510e-01
    -2.6862016112691046e-02 -3.0522103068035540e+02
    -1.0216548224966952e+02 6.0991337339183303e+02
    -1.1383087603490061e-01 -7.7741546158050970e-02
    4.7597956731202998e-02 -1.1914969753562035e+02
    -7.3330975727050856e+01 6.3550157809155087e+02
    -1.8948990284616604e-01 -2.6465439065258972e-01
    -8.0772930090421169e-01 -2.6681903335436448e+02
    6.1769595707387147e+01 6.4592875180653982e+02</data></extrinsic_parameters>
